Paper-Style Evaluation Results:
Model          Gain RMSE    Gain r       BW RMSE      BW r         PM RMSE      PM r         FoM RMSE     FoM r
------------------------------------------------------------------------------------------------------------
OneHot-relu-SGD 0.756       0.105       7.425       0.385       1.196       0.072       75.513      0.128
OneHot-leaky_relu-SGD 0.756       0.105       7.423       0.388       1.196       0.072       75.503      0.130
OneHot-elu-SGD 0.755       0.126       7.241       0.498       1.195       0.081       74.255      0.303
OneHot-gelu-SGD 0.757       0.100       7.434       0.410       1.196       0.072       75.409      0.164
OneHot-relu-SGD 0.759       0.090       7.503       0.213       1.198       0.068       76.215      -0.065
OneHot-leaky_relu-SGD 0.759       0.090       7.502       0.216       1.198       0.068       76.211      -0.064
OneHot-elu-SGD 0.757       0.092       7.388       0.394       1.197       0.066       75.618      0.081
OneHot-gelu-SGD 0.759       0.085       7.517       0.232       1.197       0.069       76.139      -0.042
OneHot-relu-SGD 0.763       0.095       7.510       0.124       1.198       0.069       76.542      -0.148
OneHot-leaky_relu-SGD 0.763       0.094       7.508       0.129       1.198       0.069       76.537      -0.145
OneHot-elu-SGD 0.759       0.085       7.386       0.348       1.197       0.064       76.185      0.029
OneHot-gelu-SGD 0.761       0.086       7.513       0.152       1.197       0.069       76.315      -0.114
OneHot-relu-SGD 0.762       0.092       7.516       0.109       1.199       0.070       76.511      -0.160
OneHot-leaky_relu-SGD 0.762       0.092       7.515       0.113       1.199       0.069       76.508      -0.158
OneHot-elu-SGD 0.759       0.085       7.407       0.328       1.197       0.063       76.197      -0.007
OneHot-gelu-SGD 0.761       0.086       7.524       0.134       1.197       0.070       76.362      -0.130
OneHot-relu-RMSprop 0.447       0.828       4.457       0.823       1.168       0.296       44.787      0.824
OneHot-leaky_relu-RMSprop 0.440       0.831       4.406       0.819       1.167       0.288       44.233      0.820
OneHot-elu-RMSprop 0.445       0.839       4.394       0.818       1.168       0.277       44.059      0.819
OneHot-gelu-RMSprop 0.430       0.831       4.354       0.825       1.164       0.290       43.510      0.827
OneHot-relu-RMSprop 0.440       0.830       4.423       0.820       1.171       0.286       44.527      0.821
OneHot-leaky_relu-RMSprop 0.451       0.827       4.444       0.821       1.169       0.286       44.698      0.822
OneHot-elu-RMSprop 0.458       0.840       4.416       0.819       1.168       0.267       44.165      0.821
OneHot-gelu-RMSprop 0.441       0.834       4.673       0.825       1.168       0.277       46.614      0.827
OneHot-relu-RMSprop 0.451       0.827       4.639       0.805       1.168       0.269       46.671      0.807
OneHot-leaky_relu-RMSprop 0.457       0.824       4.563       0.803       1.170       0.266       45.925      0.803
OneHot-elu-RMSprop 0.441       0.827       4.631       0.795       1.167       0.264       46.511      0.797
OneHot-gelu-RMSprop 0.443       0.829       4.729       0.809       1.172       0.244       47.825      0.810
OneHot-relu-RMSprop 0.440       0.834       4.510       0.816       1.165       0.290       45.086      0.817
OneHot-leaky_relu-RMSprop 0.448       0.833       4.467       0.816       1.163       0.280       44.852      0.818
OneHot-elu-RMSprop 0.439       0.842       4.461       0.815       1.157       0.290       44.530      0.817
OneHot-gelu-RMSprop 0.438       0.828       4.384       0.817       1.164       0.279       43.975      0.819
OneHot-relu-ADAM 0.441       0.820       4.515       0.813       1.163       0.298       45.308      0.813
OneHot-leaky_relu-ADAM 0.440       0.818       4.529       0.811       1.161       0.297       45.470      0.812
OneHot-elu-ADAM 0.436       0.821       4.449       0.810       1.163       0.288       44.735      0.811
OneHot-gelu-ADAM 0.441       0.818       4.416       0.815       1.163       0.289       44.302      0.817
OneHot-relu-ADAM 0.440       0.823       4.495       0.812       1.160       0.302       45.177      0.813
OneHot-leaky_relu-ADAM 0.445       0.822       4.513       0.812       1.160       0.305       45.260      0.814
OneHot-elu-ADAM 0.431       0.824       4.441       0.810       1.162       0.290       44.586      0.811
OneHot-gelu-ADAM 0.435       0.823       4.471       0.816       1.161       0.289       44.820      0.817
OneHot-relu-ADAM 0.460       0.808       4.660       0.791       1.165       0.273       46.583      0.795
OneHot-leaky_relu-ADAM 0.449       0.811       4.646       0.791       1.171       0.246       46.696      0.792
OneHot-elu-ADAM 0.442       0.814       4.910       0.785       1.162       0.275       49.299      0.787
OneHot-gelu-ADAM 0.451       0.809       4.668       0.790       1.170       0.246       47.084      0.791
OneHot-relu-ADAM 0.437       0.821       4.562       0.804       1.155       0.294       45.688      0.805
OneHot-leaky_relu-ADAM 0.441       0.821       4.570       0.805       1.156       0.292       46.074      0.807
OneHot-elu-ADAM 0.431       0.825       4.501       0.804       1.150       0.299       45.274      0.804
OneHot-gelu-ADAM 0.429       0.825       4.503       0.809       1.155       0.293       45.186      0.811
OneHot-relu-ADAMw 0.441       0.819       4.496       0.811       1.163       0.294       45.052      0.813
OneHot-leaky_relu-ADAMw 0.441       0.818       4.544       0.811       1.162       0.297       45.501      0.813
OneHot-elu-ADAMw 0.436       0.822       4.460       0.810       1.162       0.297       44.843      0.811
OneHot-gelu-ADAMw 0.433       0.823       4.465       0.815       1.162       0.294       44.867      0.815
OneHot-relu-ADAMw 0.443       0.820       4.516       0.812       1.158       0.308       45.548      0.814
OneHot-leaky_relu-ADAMw 0.446       0.819       4.574       0.812       1.162       0.293       45.830      0.813
OneHot-elu-ADAMw 0.434       0.823       4.437       0.811       1.161       0.296       44.555      0.811
OneHot-gelu-ADAMw 0.434       0.822       4.425       0.816       1.161       0.294       44.324      0.817
OneHot-relu-ADAMw 0.455       0.807       4.634       0.793       1.169       0.258       46.357      0.795
OneHot-leaky_relu-ADAMw 0.460       0.806       4.672       0.787       1.169       0.259       46.860      0.790
OneHot-elu-ADAMw 0.441       0.816       4.992       0.787       1.161       0.284       49.928      0.788
OneHot-gelu-ADAMw 0.447       0.808       4.709       0.792       1.169       0.249       47.683      0.793
OneHot-relu-ADAMw 0.441       0.821       4.656       0.805       1.154       0.299       46.703      0.806
OneHot-leaky_relu-ADAMw 0.440       0.821       4.596       0.805       1.155       0.299       45.847      0.807
OneHot-elu-ADAMw 0.428       0.826       4.501       0.804       1.151       0.300       45.230      0.804
OneHot-gelu-ADAMw 0.430       0.824       4.541       0.809       1.155       0.291       45.572      0.811
PinSAGE-relu-SGD 0.758       0.262       7.561       -0.034      1.208       0.119       75.828      0.244
PinSAGE-leaky_relu-SGD 0.758       0.262       7.561       -0.033      1.208       0.120       75.835      0.238
PinSAGE-elu-SGD 0.756       0.218       7.563       0.136       1.210       0.147       76.279      -0.091
PinSAGE-gelu-SGD 0.757       0.241       7.569       0.019       1.207       0.138       75.976      -0.045
PinSAGE-relu-SGD 0.759       0.249       7.577       -0.132      1.212       0.120       75.969      0.132
PinSAGE-leaky_relu-SGD 0.759       0.248       7.577       -0.131      1.212       0.121       75.977      0.125
PinSAGE-elu-SGD 0.757       0.200       7.601       -0.010      1.219       0.145       76.565      -0.206
PinSAGE-gelu-SGD 0.757       0.232       7.581       -0.065      1.209       0.137       76.047      -0.126
PinSAGE-relu-SGD 0.760       0.256       7.601       -0.069      1.214       0.122       76.169      0.171
PinSAGE-leaky_relu-SGD 0.760       0.256       7.602       -0.068      1.214       0.122       76.178      0.165
PinSAGE-elu-SGD 0.757       0.202       7.666       0.099       1.225       0.145       77.038      -0.122
PinSAGE-gelu-SGD 0.757       0.233       7.601       -0.004      1.210       0.137       76.131      -0.082
PinSAGE-relu-SGD 0.760       0.248       7.593       -0.121      1.215       0.121       76.105      0.126
PinSAGE-leaky_relu-SGD 0.760       0.248       7.594       -0.120      1.215       0.122       76.114      0.120
PinSAGE-elu-SGD 0.757       0.195       7.641       0.005       1.226       0.144       76.863      -0.194
PinSAGE-gelu-SGD 0.757       0.229       7.594       -0.053      1.211       0.137       76.109      -0.119
PinSAGE-relu-RMSprop 0.596       0.672       3.890       0.871       1.199       0.145       38.701      0.872
PinSAGE-leaky_relu-RMSprop 0.599       0.671       3.917       0.871       1.199       0.142       38.974      0.872
PinSAGE-elu-RMSprop 0.585       0.685       3.861       0.873       1.194       0.139       38.490      0.873
PinSAGE-gelu-RMSprop 0.594       0.676       3.936       0.874       1.195       0.144       39.170      0.874
PinSAGE-relu-RMSprop 0.599       0.672       3.875       0.871       1.199       0.141       38.596      0.872
PinSAGE-leaky_relu-RMSprop 0.601       0.671       3.900       0.871       1.199       0.141       38.833      0.872
PinSAGE-elu-RMSprop 0.596       0.683       3.890       0.874       1.194       0.141       38.812      0.874
PinSAGE-gelu-RMSprop 0.596       0.676       3.898       0.875       1.195       0.143       38.906      0.875
PinSAGE-relu-RMSprop 0.580       0.673       3.769       0.870       1.193       0.149       37.943      0.871
PinSAGE-leaky_relu-RMSprop 0.593       0.672       3.744       0.870       1.194       0.140       37.366      0.872
PinSAGE-elu-RMSprop 0.574       0.677       3.786       0.865       1.192       0.155       37.957      0.866
PinSAGE-gelu-RMSprop 0.593       0.673       3.765       0.870       1.193       0.145       37.658      0.871
PinSAGE-relu-RMSprop 0.602       0.679       3.838       0.873       1.199       0.146       38.066      0.874
PinSAGE-leaky_relu-RMSprop 0.603       0.679       3.883       0.873       1.199       0.147       38.444      0.873
PinSAGE-elu-RMSprop 0.590       0.683       3.837       0.871       1.190       0.155       38.113      0.871
PinSAGE-gelu-RMSprop 0.601       0.679       3.887       0.874       1.195       0.148       38.421      0.875
PinSAGE-relu-ADAM 0.579       0.662       3.845       0.874       1.186       0.175       38.345      0.874
PinSAGE-leaky_relu-ADAM 0.580       0.662       3.916       0.873       1.187       0.173       39.197      0.873
PinSAGE-elu-ADAM 0.574       0.671       3.865       0.874       1.188       0.170       39.081      0.874
PinSAGE-gelu-ADAM 0.570       0.665       3.709       0.875       1.187       0.169       37.615      0.875
PinSAGE-relu-ADAM 0.578       0.663       3.824       0.873       1.188       0.172       38.335      0.873
PinSAGE-leaky_relu-ADAM 0.579       0.662       3.825       0.873       1.188       0.169       38.733      0.873
PinSAGE-elu-ADAM 0.567       0.671       3.772       0.874       1.188       0.170       38.049      0.874
PinSAGE-gelu-ADAM 0.569       0.666       3.704       0.875       1.188       0.168       37.504      0.875
PinSAGE-relu-ADAM 0.574       0.659       3.769       0.866       1.190       0.163       37.945      0.866
PinSAGE-leaky_relu-ADAM 0.574       0.660       3.776       0.866       1.190       0.163       37.977      0.867
PinSAGE-elu-ADAM 0.571       0.663       3.774       0.867       1.192       0.161       37.958      0.867
PinSAGE-gelu-ADAM 0.575       0.657       3.767       0.866       1.191       0.163       37.838      0.867
PinSAGE-relu-ADAM 0.571       0.669       3.764       0.873       1.189       0.167       38.230      0.873
PinSAGE-leaky_relu-ADAM 0.572       0.668       3.760       0.873       1.188       0.176       38.019      0.873
PinSAGE-elu-ADAM 0.563       0.674       3.776       0.874       1.187       0.171       38.060      0.874
PinSAGE-gelu-ADAM 0.570       0.666       3.746       0.874       1.189       0.167       37.920      0.874
PinSAGE-relu-ADAMw 0.579       0.662       3.870       0.873       1.187       0.172       38.492      0.874
PinSAGE-leaky_relu-ADAMw 0.580       0.662       3.897       0.873       1.187       0.173       39.028      0.873
PinSAGE-elu-ADAMw 0.574       0.670       3.866       0.873       1.188       0.172       39.070      0.873
PinSAGE-gelu-ADAMw 0.570       0.667       3.704       0.875       1.187       0.170       37.543      0.875
PinSAGE-relu-ADAMw 0.579       0.663       3.812       0.873       1.188       0.172       38.303      0.873
PinSAGE-leaky_relu-ADAMw 0.578       0.662       3.813       0.873       1.188       0.170       38.526      0.873
PinSAGE-elu-ADAMw 0.567       0.671       3.758       0.874       1.188       0.169       37.896      0.873
PinSAGE-gelu-ADAMw 0.569       0.665       3.705       0.875       1.188       0.167       37.495      0.875
PinSAGE-relu-ADAMw 0.574       0.659       3.773       0.866       1.191       0.154       37.944      0.867
PinSAGE-leaky_relu-ADAMw 0.573       0.661       3.781       0.865       1.191       0.162       38.092      0.866
PinSAGE-elu-ADAMw 0.570       0.663       3.789       0.865       1.191       0.164       38.113      0.865
PinSAGE-gelu-ADAMw 0.574       0.659       3.748       0.868       1.191       0.161       37.665      0.868
PinSAGE-relu-ADAMw 0.573       0.666       3.762       0.872       1.190       0.167       38.175      0.872
PinSAGE-leaky_relu-ADAMw 0.570       0.670       3.753       0.873       1.188       0.175       38.005      0.873
PinSAGE-elu-ADAMw 0.564       0.674       3.783       0.874       1.187       0.171       38.138      0.874
PinSAGE-gelu-ADAMw 0.571       0.665       3.743       0.874       1.189       0.165       37.906      0.874
GraphSAGE-relu-SGD 0.758       0.262       7.561       -0.034      1.208       0.119       75.828      0.244
GraphSAGE-leaky_relu-SGD 0.758       0.262       7.561       -0.033      1.208       0.120       75.835      0.238
GraphSAGE-elu-SGD 0.756       0.218       7.563       0.136       1.210       0.147       76.279      -0.091
GraphSAGE-gelu-SGD 0.757       0.241       7.569       0.019       1.207       0.138       75.976      -0.045
GraphSAGE-relu-SGD 0.759       0.249       7.577       -0.132      1.212       0.120       75.969      0.132
GraphSAGE-leaky_relu-SGD 0.759       0.248       7.577       -0.131      1.212       0.121       75.977      0.125
GraphSAGE-elu-SGD 0.757       0.200       7.601       -0.010      1.219       0.145       76.565      -0.206
GraphSAGE-gelu-SGD 0.757       0.232       7.581       -0.065      1.209       0.137       76.047      -0.126
GraphSAGE-relu-SGD 0.760       0.256       7.601       -0.069      1.214       0.122       76.169      0.171
GraphSAGE-leaky_relu-SGD 0.760       0.256       7.602       -0.068      1.214       0.122       76.178      0.165
GraphSAGE-elu-SGD 0.757       0.202       7.666       0.099       1.225       0.145       77.038      -0.122
GraphSAGE-gelu-SGD 0.757       0.233       7.601       -0.004      1.210       0.137       76.131      -0.082
GraphSAGE-relu-SGD 0.760       0.248       7.593       -0.121      1.215       0.121       76.105      0.126
GraphSAGE-leaky_relu-SGD 0.760       0.248       7.594       -0.120      1.215       0.122       76.114      0.120
GraphSAGE-elu-SGD 0.757       0.195       7.641       0.005       1.226       0.144       76.863      -0.194
GraphSAGE-gelu-SGD 0.757       0.229       7.594       -0.053      1.211       0.137       76.109      -0.119      
GraphSAGE-relu-RMSprop 0.596       0.672       3.890       0.871       1.199       0.145       38.701      0.872
GraphSAGE-leaky_relu-RMSprop 0.599       0.671       3.917       0.871       1.199       0.142       38.974      0.872
GraphSAGE-elu-RMSprop 0.585       0.685       3.861       0.873       1.194       0.139       38.490      0.873
GraphSAGE-gelu-RMSprop 0.594       0.676       3.936       0.874       1.195       0.144       39.170      0.874
GraphSAGE-relu-RMSprop 0.599       0.672       3.875       0.871       1.199       0.141       38.596      0.872
GraphSAGE-leaky_relu-RMSprop 0.601       0.671       3.900       0.871       1.199       0.141       38.833      0.872
GraphSAGE-elu-RMSprop 0.596       0.683       3.890       0.874       1.194       0.141       38.812      0.874
GraphSAGE-gelu-RMSprop 0.596       0.676       3.898       0.875       1.195       0.143       38.906      0.875
GraphSAGE-relu-RMSprop 0.580       0.673       3.769       0.870       1.193       0.149       37.943      0.871
GraphSAGE-leaky_relu-RMSprop 0.593       0.672       3.744       0.870       1.194       0.140       37.366      0.872
GraphSAGE-elu-RMSprop 0.574       0.677       3.786       0.865       1.192       0.155       37.957      0.866
GraphSAGE-gelu-RMSprop 0.593       0.673       3.765       0.870       1.193       0.145       37.658      0.871
GraphSAGE-relu-RMSprop 0.602       0.679       3.838       0.873       1.199       0.146       38.066      0.874
GraphSAGE-leaky_relu-RMSprop 0.603       0.679       3.883       0.873       1.199       0.147       38.444      0.873
GraphSAGE-elu-RMSprop 0.590       0.683       3.837       0.871       1.190       0.155       38.113      0.871
GraphSAGE-gelu-RMSprop 0.601       0.679       3.887       0.874       1.195       0.148       38.421      0.875
GraphSAGE-relu-ADAM 0.579       0.662       3.845       0.874       1.186       0.175       38.345      0.874
GraphSAGE-leaky_relu-ADAM 0.580       0.662       3.916       0.873       1.187       0.173       39.197      0.873
GraphSAGE-elu-ADAM 0.574       0.671       3.865       0.874       1.188       0.170       39.081      0.874
GraphSAGE-gelu-ADAM 0.570       0.665       3.709       0.875       1.187       0.169       37.615      0.875
GraphSAGE-relu-ADAM 0.578       0.663       3.824       0.873       1.188       0.172       38.335      0.873
GraphSAGE-leaky_relu-ADAM 0.579       0.662       3.825       0.873       1.188       0.169       38.733      0.873
GraphSAGE-elu-ADAM 0.567       0.671       3.772       0.874       1.188       0.170       38.049      0.874
GraphSAGE-gelu-ADAM 0.569       0.666       3.704       0.875       1.188       0.168       37.504      0.875
GraphSAGE-relu-ADAM 0.574       0.659       3.769       0.866       1.190       0.163       37.945      0.866
GraphSAGE-leaky_relu-ADAM 0.574       0.660       3.776       0.866       1.190       0.163       37.977      0.867
GraphSAGE-elu-ADAM 0.571       0.663       3.774       0.867       1.192       0.161       37.958      0.867
GraphSAGE-gelu-ADAM 0.575       0.657       3.767       0.866       1.191       0.163       37.838      0.867
GraphSAGE-relu-ADAM 0.571       0.669       3.764       0.873       1.189       0.167       38.230      0.873
GraphSAGE-leaky_relu-ADAM 0.572       0.668       3.760       0.873       1.188       0.176       38.019      0.873
GraphSAGE-elu-ADAM 0.563       0.674       3.776       0.874       1.187       0.171       38.060      0.874
GraphSAGE-gelu-ADAM 0.570       0.666       3.746       0.874       1.189       0.167       37.920      0.874
GraphSAGE-relu-ADAMw 0.579       0.662       3.870       0.873       1.187       0.172       38.492      0.874
GraphSAGE-leaky_relu-ADAMw 0.580       0.662       3.897       0.873       1.187       0.173       39.028      0.873
GraphSAGE-elu-ADAMw 0.574       0.670       3.866       0.873       1.188       0.172       39.070      0.873
GraphSAGE-gelu-ADAMw 0.570       0.667       3.704       0.875       1.187       0.170       37.543      0.875
GraphSAGE-relu-ADAMw 0.579       0.663       3.812       0.873       1.188       0.172       38.303      0.873
GraphSAGE-leaky_relu-ADAMw 0.578       0.662       3.813       0.873       1.188       0.170       38.526      0.873
GraphSAGE-elu-ADAMw 0.567       0.671       3.758       0.874       1.188       0.169       37.896      0.873
GraphSAGE-gelu-ADAMw 0.569       0.665       3.705       0.875       1.188       0.167       37.495      0.875
GraphSAGE-relu-ADAMw 0.574       0.659       3.773       0.866       1.191       0.154       37.944      0.867
GraphSAGE-leaky_relu-ADAMw 0.573       0.661       3.781       0.865       1.191       0.162       38.092      0.866
GraphSAGE-elu-ADAMw 0.570       0.663       3.789       0.865       1.191       0.164       38.113      0.865
GraphSAGE-gelu-ADAMw 0.574       0.659       3.748       0.868       1.191       0.161       37.665      0.868
GraphSAGE-relu-ADAMw 0.573       0.666       3.762       0.872       1.190       0.167       38.175      0.872
GraphSAGE-leaky_relu-ADAMw 0.570       0.670       3.753       0.873       1.188       0.175       38.005      0.873
GraphSAGE-elu-ADAMw 0.564       0.674       3.783       0.874       1.187       0.171       38.138      0.874
GraphSAGE-gelu-ADAMw 0.571       0.665       3.743       0.874       1.189       0.165       37.906      0.874
Node2Vec-relu-SGD 0.757       0.057       7.451       0.238       1.197       0.074       75.750      0.066
Node2Vec-leaky_relu-SGD 0.757       0.058       7.450       0.241       1.197       0.074       75.737      0.070
Node2Vec-elu-SGD 0.756       0.081       7.328       0.402       1.202       0.059       75.336      0.203
Node2Vec-gelu-SGD 0.758       0.052       7.448       0.266       1.199       0.066       75.835      0.083
Node2Vec-relu-SGD 0.758       0.038       7.495       0.138       1.198       0.066       76.141      -0.027
Node2Vec-leaky_relu-SGD 0.758       0.039       7.494       0.140       1.198       0.066       76.132      -0.025
Node2Vec-elu-SGD 0.757       0.060       7.411       0.275       1.206       0.050       76.258      0.084
Node2Vec-gelu-SGD 0.758       0.035       7.487       0.164       1.201       0.058       76.223      -0.012
Node2Vec-relu-SGD 0.759       0.033       7.521       0.130       1.199       0.066       76.771      -0.039
Node2Vec-leaky_relu-SGD 0.759       0.034       7.520       0.133       1.199       0.065       76.775      -0.037
Node2Vec-elu-SGD 0.757       0.057       7.526       0.271       1.209       0.049       78.327      0.081
Node2Vec-gelu-SGD 0.758       0.032       7.528       0.158       1.201       0.057       76.885      -0.022
Node2Vec-relu-SGD 0.758       0.033       7.508       0.115       1.199       0.064       76.517      -0.050
Node2Vec-leaky_relu-SGD 0.758       0.034       7.507       0.117       1.200       0.063       76.516      -0.048
Node2Vec-elu-SGD 0.757       0.056       7.471       0.241       1.209       0.047       77.463      0.057
Node2Vec-gelu-SGD 0.758       0.031       7.513       0.141       1.202       0.055       76.662      -0.034
Node2Vec-relu-RMSprop 0.443       0.816       4.385       0.822       1.151       0.305       43.822      0.823
Node2Vec-leaky_relu-RMSprop 0.443       0.816       4.338       0.823       1.151       0.303       43.569      0.824
Node2Vec-elu-RMSprop 0.440       0.818       4.359       0.819       1.151       0.307       43.668      0.821
Node2Vec-gelu-RMSprop 0.441       0.817       4.273       0.826       1.153       0.309       42.778      0.827
Node2Vec-relu-RMSprop 0.442       0.816       4.327       0.823       1.152       0.301       43.393      0.824
Node2Vec-leaky_relu-RMSprop 0.440       0.818       4.377       0.823       1.153       0.296       43.791      0.824
Node2Vec-elu-RMSprop 0.442       0.817       4.404       0.818       1.148       0.309       44.036      0.820
Node2Vec-gelu-RMSprop 0.438       0.821       4.258       0.828       1.151       0.312       42.712      0.828
Node2Vec-relu-RMSprop 0.452       0.804       4.555       0.799       1.144       0.303       45.607      0.801
Node2Vec-leaky_relu-RMSprop 0.456       0.805       4.556       0.799       1.145       0.303       45.325      0.803
Node2Vec-elu-RMSprop 0.446       0.811       4.676       0.794       1.148       0.298       46.656      0.795
Node2Vec-gelu-RMSprop 0.447       0.808       4.496       0.808       1.145       0.309       45.181      0.809
Node2Vec-relu-RMSprop 0.443       0.813       4.393       0.816       1.145       0.305       44.097      0.816
Node2Vec-leaky_relu-RMSprop 0.443       0.815       4.411       0.816       1.145       0.312       44.461      0.817
Node2Vec-elu-RMSprop 0.441       0.814       4.498       0.812       1.145       0.305       45.123      0.812
Node2Vec-gelu-RMSprop 0.438       0.818       4.399       0.821       1.147       0.306       44.074      0.821
GraphSAGE-leaky_relu-ADAMw 0.573       0.661       3.781       0.865       1.191       0.162       38.092      0.866
GraphSAGE-elu-ADAMw 0.570       0.663       3.789       0.865       1.191       0.164       38.113      0.865
GraphSAGE-gelu-ADAMw 0.574       0.659       3.748       0.868       1.191       0.161       37.665      0.868
GraphSAGE-relu-ADAMw 0.573       0.666       3.762       0.872       1.190       0.167       38.175      0.872
GraphSAGE-leaky_relu-ADAMw 0.570       0.670       3.753       0.873       1.188       0.175       38.005      0.873
GraphSAGE-elu-ADAMw 0.564       0.674       3.783       0.874       1.187       0.171       38.138      0.874
GraphSAGE-gelu-ADAMw 0.571       0.665       3.743       0.874       1.189       0.165       37.906      0.874
Node2Vec-relu-SGD 0.757       0.057       7.451       0.238       1.197       0.074       75.750      0.066
Node2Vec-leaky_relu-SGD 0.757       0.058       7.450       0.241       1.197       0.074       75.737      0.070
Node2Vec-elu-SGD 0.756       0.081       7.328       0.402       1.202       0.059       75.336      0.203
Node2Vec-gelu-SGD 0.758       0.052       7.448       0.266       1.199       0.066       75.835      0.083
Node2Vec-relu-SGD 0.758       0.038       7.495       0.138       1.198       0.066       76.141      -0.027
Node2Vec-leaky_relu-SGD 0.758       0.039       7.494       0.140       1.198       0.066       76.132      -0.025
Node2Vec-elu-SGD 0.757       0.060       7.411       0.275       1.206       0.050       76.258      0.084
Node2Vec-gelu-SGD 0.758       0.035       7.487       0.164       1.201       0.058       76.223      -0.012
Node2Vec-relu-SGD 0.759       0.033       7.521       0.130       1.199       0.066       76.771      -0.039
Node2Vec-leaky_relu-SGD 0.759       0.034       7.520       0.133       1.199       0.065       76.775      -0.037
Node2Vec-elu-SGD 0.757       0.057       7.526       0.271       1.209       0.049       78.327      0.081
Node2Vec-gelu-SGD 0.758       0.032       7.528       0.158       1.201       0.057       76.885      -0.022
Node2Vec-relu-SGD 0.758       0.033       7.508       0.115       1.199       0.064       76.517      -0.050
Node2Vec-leaky_relu-SGD 0.758       0.034       7.507       0.117       1.200       0.063       76.516      -0.048
Node2Vec-elu-SGD 0.757       0.056       7.471       0.241       1.209       0.047       77.463      0.057
Node2Vec-gelu-SGD 0.758       0.031       7.513       0.141       1.202       0.055       76.662      -0.034
Node2Vec-relu-RMSprop 0.443       0.816       4.385       0.822       1.151       0.305       43.822      0.823
Node2Vec-leaky_relu-RMSprop 0.443       0.816       4.338       0.823       1.151       0.303       43.569      0.824
Node2Vec-elu-RMSprop 0.440       0.818       4.359       0.819       1.151       0.307       43.668      0.821
Node2Vec-gelu-RMSprop 0.441       0.817       4.273       0.826       1.153       0.309       42.778      0.827
Node2Vec-relu-RMSprop 0.442       0.816       4.327       0.823       1.152       0.301       43.393      0.824
Node2Vec-leaky_relu-RMSprop 0.440       0.818       4.377       0.823       1.153       0.296       43.791      0.824
Node2Vec-elu-RMSprop 0.442       0.817       4.404       0.818       1.148       0.309       44.036      0.820
Node2Vec-gelu-RMSprop 0.438       0.821       4.258       0.828       1.151       0.312       42.712      0.828
Node2Vec-relu-RMSprop 0.452       0.804       4.555       0.799       1.144       0.303       45.607      0.801
Node2Vec-leaky_relu-RMSprop 0.456       0.805       4.556       0.799       1.145       0.303       45.325      0.803
Node2Vec-elu-RMSprop 0.446       0.811       4.676       0.794       1.148       0.298       46.656      0.795
Node2Vec-gelu-RMSprop 0.447       0.808       4.496       0.808       1.145       0.309       45.181      0.809
Node2Vec-relu-RMSprop 0.443       0.813       4.393       0.816       1.145       0.305       44.097      0.816
Node2Vec-leaky_relu-RMSprop 0.443       0.815       4.411       0.816       1.145       0.312       44.461      0.817
Node2Vec-elu-RMSprop 0.441       0.814       4.498       0.812       1.145       0.305       45.123      0.812
Node2Vec-gelu-RMSprop 0.438       0.818       4.399       0.821       1.147       0.306       44.074      0.821
Node2Vec-leaky_relu-SGD 0.758       0.039       7.494       0.140       1.198       0.066       76.132      -0.025
Node2Vec-elu-SGD 0.757       0.060       7.411       0.275       1.206       0.050       76.258      0.084
Node2Vec-gelu-SGD 0.758       0.035       7.487       0.164       1.201       0.058       76.223      -0.012
Node2Vec-relu-SGD 0.759       0.033       7.521       0.130       1.199       0.066       76.771      -0.039
Node2Vec-leaky_relu-SGD 0.759       0.034       7.520       0.133       1.199       0.065       76.775      -0.037
Node2Vec-elu-SGD 0.757       0.057       7.526       0.271       1.209       0.049       78.327      0.081
Node2Vec-gelu-SGD 0.758       0.032       7.528       0.158       1.201       0.057       76.885      -0.022
Node2Vec-relu-SGD 0.758       0.033       7.508       0.115       1.199       0.064       76.517      -0.050
Node2Vec-leaky_relu-SGD 0.758       0.034       7.507       0.117       1.200       0.063       76.516      -0.048
Node2Vec-elu-SGD 0.757       0.056       7.471       0.241       1.209       0.047       77.463      0.057
Node2Vec-gelu-SGD 0.758       0.031       7.513       0.141       1.202       0.055       76.662      -0.034
Node2Vec-relu-RMSprop 0.443       0.816       4.385       0.822       1.151       0.305       43.822      0.823
Node2Vec-leaky_relu-RMSprop 0.443       0.816       4.338       0.823       1.151       0.303       43.569      0.824
Node2Vec-elu-RMSprop 0.440       0.818       4.359       0.819       1.151       0.307       43.668      0.821
Node2Vec-gelu-RMSprop 0.441       0.817       4.273       0.826       1.153       0.309       42.778      0.827
Node2Vec-relu-RMSprop 0.442       0.816       4.327       0.823       1.152       0.301       43.393      0.824
Node2Vec-leaky_relu-RMSprop 0.440       0.818       4.377       0.823       1.153       0.296       43.791      0.824
Node2Vec-elu-RMSprop 0.442       0.817       4.404       0.818       1.148       0.309       44.036      0.820
Node2Vec-gelu-RMSprop 0.438       0.821       4.258       0.828       1.151       0.312       42.712      0.828
Node2Vec-relu-RMSprop 0.452       0.804       4.555       0.799       1.144       0.303       45.607      0.801
Node2Vec-leaky_relu-RMSprop 0.456       0.805       4.556       0.799       1.145       0.303       45.325      0.803
Node2Vec-elu-RMSprop 0.446       0.811       4.676       0.794       1.148       0.298       46.656      0.795
Node2Vec-gelu-RMSprop 0.447       0.808       4.496       0.808       1.145       0.309       45.181      0.809
Node2Vec-relu-RMSprop 0.443       0.813       4.393       0.816       1.145       0.305       44.097      0.816
Node2Vec-leaky_relu-RMSprop 0.443       0.815       4.411       0.816       1.145       0.312       44.461      0.817
Node2Vec-elu-RMSprop 0.441       0.814       4.498       0.812       1.145       0.305       45.123      0.812
Node2Vec-gelu-RMSprop 0.438       0.818       4.399       0.821       1.147       0.306       44.074      0.821
Node2Vec-relu-RMSprop 0.442       0.816       4.327       0.823       1.152       0.301       43.393      0.824
Node2Vec-leaky_relu-RMSprop 0.440       0.818       4.377       0.823       1.153       0.296       43.791      0.824
Node2Vec-elu-RMSprop 0.442       0.817       4.404       0.818       1.148       0.309       44.036      0.820
Node2Vec-gelu-RMSprop 0.438       0.821       4.258       0.828       1.151       0.312       42.712      0.828
Node2Vec-relu-RMSprop 0.452       0.804       4.555       0.799       1.144       0.303       45.607      0.801
Node2Vec-leaky_relu-RMSprop 0.456       0.805       4.556       0.799       1.145       0.303       45.325      0.803
Node2Vec-elu-RMSprop 0.446       0.811       4.676       0.794       1.148       0.298       46.656      0.795
Node2Vec-gelu-RMSprop 0.447       0.808       4.496       0.808       1.145       0.309       45.181      0.809
Node2Vec-relu-RMSprop 0.443       0.813       4.393       0.816       1.145       0.305       44.097      0.816
Node2Vec-leaky_relu-RMSprop 0.443       0.815       4.411       0.816       1.145       0.312       44.461      0.817
Node2Vec-elu-RMSprop 0.441       0.814       4.498       0.812       1.145       0.305       45.123      0.812
Node2Vec-gelu-RMSprop 0.438       0.818       4.399       0.821       1.147       0.306       44.074      0.821
Node2Vec-relu-RMSprop 0.443       0.813       4.393       0.816       1.145       0.305       44.097      0.816
Node2Vec-leaky_relu-RMSprop 0.443       0.815       4.411       0.816       1.145       0.312       44.461      0.817
Node2Vec-elu-RMSprop 0.441       0.814       4.498       0.812       1.145       0.305       45.123      0.812
Node2Vec-gelu-RMSprop 0.438       0.818       4.399       0.821       1.147       0.306       44.074      0.821
Node2Vec-gelu-RMSprop 0.438       0.818       4.399       0.821       1.147       0.306       44.074      0.821
Node2Vec-relu-ADAM 0.461       0.804       4.366       0.818       1.151       0.309       44.046      0.818
Node2Vec-leaky_relu-ADAM 0.461       0.803       4.383       0.817       1.152       0.305       44.092      0.817
Node2Vec-elu-ADAM 0.457       0.804       4.403       0.813       1.150       0.310       44.204      0.813
Node2Vec-gelu-ADAM 0.460       0.805       4.339       0.820       1.152       0.305       43.589      0.820
Node2Vec-relu-ADAM 0.457       0.806       4.364       0.819       1.151       0.307       43.919      0.819
Node2Vec-leaky_relu-ADAM 0.459       0.804       4.374       0.818       1.152       0.305       44.019      0.818
Node2Vec-elu-ADAM 0.454       0.806       4.388       0.814       1.150       0.310       44.037      0.815
Node2Vec-gelu-ADAM 0.455       0.807       4.313       0.822       1.153       0.302       43.342      0.822
Node2Vec-relu-ADAM 0.462       0.796       4.592       0.795       1.147       0.296       46.214      0.796
Node2Vec-leaky_relu-ADAM 0.458       0.798       4.615       0.795       1.145       0.301       46.389      0.796
Node2Vec-elu-ADAM 0.458       0.797       4.800       0.794       1.145       0.298       47.802      0.796
Node2Vec-gelu-ADAM 0.455       0.802       4.584       0.804       1.149       0.294       45.830      0.806
Node2Vec-relu-ADAM 0.454       0.805       4.418       0.813       1.147       0.303       44.477      0.813
Node2Vec-leaky_relu-ADAM 0.453       0.806       4.428       0.812       1.145       0.307       44.487      0.813
Node2Vec-elu-ADAM 0.446       0.810       4.448       0.810       1.145       0.306       44.766      0.810
Node2Vec-gelu-ADAM 0.451       0.808       4.399       0.815       1.147       0.303       44.204      0.815
Node2Vec-relu-ADAMw 0.463       0.803       4.356       0.819       1.151       0.308       43.894      0.819
Node2Vec-leaky_relu-ADAMw 0.463       0.802       4.355       0.819       1.152       0.302       43.910      0.819
Node2Vec-elu-ADAMw 0.455       0.806       4.409       0.813       1.149       0.312       44.288      0.814
Node2Vec-gelu-ADAMw 0.458       0.805       4.342       0.821       1.153       0.301       43.588      0.821
Node2Vec-relu-ADAMw 0.459       0.803       4.351       0.819       1.150       0.309       43.732      0.820
Node2Vec-leaky_relu-ADAMw 0.459       0.804       4.350       0.819       1.150       0.309       43.725      0.820
Node2Vec-elu-ADAMw 0.454       0.807       4.387       0.814       1.150       0.308       44.067      0.815
Node2Vec-gelu-ADAMw 0.454       0.808       4.311       0.823       1.153       0.301       43.332      0.823
Node2Vec-relu-ADAMw 0.460       0.797       4.615       0.795       1.145       0.304       46.315      0.796
Node2Vec-leaky_relu-ADAMw 0.458       0.800       4.638       0.797       1.148       0.295       46.429      0.798
Node2Vec-elu-ADAMw 0.455       0.802       4.722       0.794       1.145       0.300       47.192      0.796
Node2Vec-gelu-ADAMw 0.458       0.798       4.638       0.802       1.149       0.293       46.107      0.804
Node2Vec-relu-ADAMw 0.452       0.807       4.423       0.813       1.146       0.305       44.408      0.813
Node2Vec-leaky_relu-ADAMw 0.455       0.804       4.436       0.811       1.146       0.304       44.608      0.811
Node2Vec-elu-ADAMw 0.445       0.811       4.455       0.810       1.146       0.302       44.838      0.810
Node2Vec-gelu-ADAMw 0.451       0.807       4.388       0.816       1.146       0.305       44.095      0.816